[gd_scene load_steps=2 format=2]

[ext_resource path="res://scenes/cabels/part-types/ground.tscn" type="PackedScene" id=1]

[node name="409-ground" type="Spatial"]

transform = Transform( -0.822373, 0, 0.568949, 0, 1, 0, -0.568949, 0, -0.822373, 30.1595, 3.95768, -97.6722 )

[node name="cabel-part39" type="Spatial" parent="." index="0" instance=ExtResource( 1 )]

transform = Transform( 0.689558, 0.00328502, 0.217267, -0.00189188, 0.999993, -0.000820372, -0.724229, 0.0005155, 0.206868, 0.696716, -0.0752835, 1.5336 )
_sections_unfolded = [ "Transform" ]

[node name="cabel-part43" type="Spatial" parent="." index="1" instance=ExtResource( 1 )]

transform = Transform( -0.106535, 0.00674, 0.994287, -0.00189184, 0.999973, -0.00698126, -0.994307, -0.00262477, -0.10652, -0.37738, -0.112762, 0.512115 )
_sections_unfolded = [ "Transform" ]

[node name="cabel-part42" type="Spatial" parent="." index="2" instance=ExtResource( 1 )]

transform = Transform( -0.107778, 0.0842873, 0.891536, -0.0221784, 0.995948, -0.0784402, -0.993928, -0.0313633, -0.0949246, -5.29437, -0.117902, 1.04179 )
_sections_unfolded = [ "Transform" ]

[node name="cabel-part40" type="Spatial" parent="." index="3" instance=ExtResource( 1 )]

transform = Transform( -0.832125, 0.00495797, -0.554567, -0.0028269, 0.999909, 0.0131812, 0.554582, 0.0125361, -0.832035, 0.722748, -0.0749679, 1.53484 )
_sections_unfolded = [ "Transform" ]

[node name="cabel-part41" type="Spatial" parent="." index="4" instance=ExtResource( 1 )]

transform = Transform( -0.832159, 0.0170032, -0.554277, -0.00282538, 0.999387, 0.0348995, 0.554531, 0.030608, -0.831601, 3.47336, -0.182236, 5.65784 )
_sections_unfolded = [ "Transform" ]


