[gd_scene load_steps=2 format=2]

[ext_resource path="res://scenes/cabels/part-types/ground.tscn" type="PackedScene" id=1]

[node name="409-ground" type="Spatial"]

transform = Transform( -0.822373, 0, 0.568949, 0, 1, 0, -0.568949, 0, -0.822373, 30.1595, 3.95768, -97.6722 )

[node name="cabel-part39" type="Spatial" parent="." index="0" instance=ExtResource( 1 )]

transform = Transform( -0.106527, 0.00251748, 0.994307, -0.00189188, 0.999994, -0.00273457, -0.994308, -0.00217242, -0.106522, -0.0480652, -0.0735154, 0.660782 )
_sections_unfolded = [ "Transform" ]

[node name="cabel-part42" type="Spatial" parent="." index="1" instance=ExtResource( 1 )]

transform = Transform( -0.107202, 0.0584334, 0.992519, -0.0222215, 0.997881, -0.0611493, -0.993989, -0.0286106, -0.105676, -4.83792, -0.0735154, 1.16086 )
_sections_unfolded = [ "Transform" ]

[node name="cabel-part40" type="Spatial" parent="." index="2" instance=ExtResource( 1 )]

transform = Transform( -0.832125, 0.00495797, -0.554567, -0.0028269, 0.999909, 0.0131812, 0.554582, 0.0125361, -0.832035, 0.722748, -0.0749679, 1.53484 )
_sections_unfolded = [ "Transform" ]

[node name="cabel-part41" type="Spatial" parent="." index="3" instance=ExtResource( 1 )]

transform = Transform( -0.832125, 0.00495971, -0.554567, -0.00282685, 0.999909, 0.0131842, 0.554582, 0.0125386, -0.832035, 3.46552, -0.197889, 5.66327 )
_sections_unfolded = [ "Transform" ]


