[gd_scene load_steps=2 format=2]

[ext_resource path="res://scenes/cabels/part-types/krhs4x6.tscn" type="PackedScene" id=1]

[node name="moss-power" type="Spatial"]

transform = Transform( 1, 0, 0, 0, 1, 0, 0, 0, 1, 6.18384, 0.823524, -15.0726 )
_sections_unfolded = [ "Transform", "Visibility" ]

[node name="cabel-part39" type="Spatial" parent="." index="0" instance=ExtResource( 1 )]

transform = Transform( -0.990275, 0, -0.139125, -0.0150168, 0.994158, 0.106888, 0.138312, 0.107938, -0.984489, -4.35039, -0.0177598, -54.1276 )
_sections_unfolded = [ "Transform" ]

[node name="cabel-part40" type="Spatial" parent="." index="1" instance=ExtResource( 1 )]

transform = Transform( -0.961935, 0.0200822, -0.272541, -0.0120754, 0.993199, 0.115804, 0.273013, 0.114687, -0.95515, -3.65688, -0.590621, -49.231 )
_sections_unfolded = [ "Transform" ]

[node name="cabel-part41" type="Spatial" parent="." index="2" instance=ExtResource( 1 )]

transform = Transform( -0.921558, 0.0224998, -0.387589, -0.0490187, 0.983587, 0.173648, 0.385134, 0.179026, -0.905329, -2.29604, -1.20927, -44.4756 )
_sections_unfolded = [ "Transform" ]

[node name="cabel-part42" type="Spatial" parent="." index="3" instance=ExtResource( 1 )]

transform = Transform( 0.779392, -1.49012e-008, 0.313268, 0.103537, 0.986251, -0.0643986, -0.617921, 0.165253, 0.384338, 1.17599, -2.3951, -38.0499 )
_sections_unfolded = [ "Transform" ]

[node name="cabel-part48" type="Spatial" parent="." index="4" instance=ExtResource( 1 )]

transform = Transform( -0.74145, -0.0714714, -0.66719, -0.0785889, 0.996717, -0.0194353, 0.666389, 0.0380234, -0.744634, 1.18623, -2.38979, -38.0687 )
_sections_unfolded = [ "Transform" ]

[node name="cabel-part43" type="Spatial" parent="." index="5" instance=ExtResource( 1 )]

transform = Transform( -0.774337, -0.0653414, -0.566452, -0.0746094, 0.997144, -0.0105558, 0.628359, 0.0378765, -0.699301, 4.52043, -2.33396, -34.3518 )
_sections_unfolded = [ "Transform" ]

[node name="cabel-part49" type="Spatial" parent="." index="6" instance=ExtResource( 1 )]

transform = Transform( -0.775652, -0.0548375, -0.157194, -0.0800743, 0.996718, 0.00296302, 0.626061, 0.0595417, -0.194374, 7.3438, -2.3224, -30.8737 )
_sections_unfolded = [ "Transform" ]

[node name="cabel-part44" type="Spatial" parent="." index="7" instance=ExtResource( 1 )]

transform = Transform( -0.739946, -0.0703555, -0.668977, -0.067999, 0.997244, -0.0296662, 0.66922, 0.0235383, -0.742691, 8.1382, -2.3776, -29.8993 )
_sections_unfolded = [ "Transform" ]

[node name="cabel-part45" type="Spatial" parent="." index="8" instance=ExtResource( 1 )]

transform = Transform( -0.976427, -0.0784001, -0.100553, -0.0718258, 0.996623, -0.0198968, 0.203547, -0.024411, -0.48938, 11.4707, -2.27093, -26.1991 )
_sections_unfolded = [ "Transform" ]

[node name="cabel-part46" type="Spatial" parent="." index="9" instance=ExtResource( 1 )]

transform = Transform( -0.958054, -0.0841656, 0.27395, -0.104201, 0.992781, -0.0593995, -0.266972, -0.085454, -0.959908, 11.9706, -2.21219, -23.7445 )
_sections_unfolded = [ "Transform" ]

[node name="cabel-part47" type="Spatial" parent="." index="10" instance=ExtResource( 1 )]

transform = Transform( -0.362602, 0.0276731, 1.11784, -0.105014, 0.99198, -0.0844153, -0.926007, -0.123332, -0.428146, 10.5872, -1.95615, -18.9612 )
_sections_unfolded = [ "Transform" ]

[node name="cabel-part50" type="Spatial" parent="." index="11" instance=ExtResource( 1 )]

transform = Transform( -0.775357, -0.0362952, 0.315239, -0.0640539, 0.997718, -0.0106684, -0.628265, -0.0569282, -0.387957, 5.03429, -1.57966, -16.8304 )
_sections_unfolded = [ "Transform" ]


