[gd_scene load_steps=2 format=2]

[ext_resource path="res://scenes/cabels/part-types/ground.tscn" type="PackedScene" id=1]

[node name="power-ground" type="Spatial"]

transform = Transform( 1, 0, 0, 0, 1, 0, 0, 0, 1, 0, 0, -34.2921 )

[node name="cabel-part39" type="Spatial" parent="." index="0" instance=ExtResource( 1 )]

transform = Transform( -0.997399, 0.0234831, -0.040888, 0.016378, 0.994546, 0.0618051, 0.0701934, 0.101625, -0.595406, 5.42822, -0.558208, 3.3083 )
_sections_unfolded = [ "Transform" ]

[node name="cabel-part51" type="Spatial" parent="." index="1" instance=ExtResource( 1 )]

transform = Transform( -0.919469, 0.0479551, 0.234135, 0.0274551, 0.997942, -0.0347682, -0.392201, -0.0425667, -0.551337, 6.58798, -0.686157, 0.596146 )
_sections_unfolded = [ "Transform" ]

[node name="cabel-part58" type="Spatial" parent="." index="2" instance=ExtResource( 1 )]

transform = Transform( -0.781543, 0.0055738, 0.195882, -0.0134644, 0.999577, -0.00810105, -0.623706, -0.0285629, -0.245277, 7.56389, -0.686157, -0.635239 )
_sections_unfolded = [ "Transform" ]

[node name="cabel-part52" type="Spatial" parent="." index="3" instance=ExtResource( 1 )]

transform = Transform( 0.907885, 0.0671934, 0.02069, -0.0210404, 0.993131, -0.00575514, -0.418691, 0.0957936, 0.0451531, 7.47366, 0.861113, -0.931412 )
_sections_unfolded = [ "Transform" ]

[node name="cabel-part53" type="Spatial" parent="." index="4" instance=ExtResource( 1 )]

transform = Transform( 0.881674, 0.43454, 0.00367842, -0.0839413, 0.528001, -0.0169017, -0.464334, 0.729651, 0.01004, 7.48343, 0.833761, -0.901398 )
_sections_unfolded = [ "Transform" ]

[node name="cabel-part57" type="Spatial" parent="." index="5" instance=ExtResource( 1 )]

transform = Transform( 0.845448, 0.533984, 0.00270211, -0.0592145, 0.110214, -0.302603, -0.530764, 0.838281, 0.038064, 7.51682, -0.63518, -0.683655 )
_sections_unfolded = [ "Transform" ]

[node name="cabel-part54" type="Spatial" parent="." index="6" instance=ExtResource( 1 )]

transform = Transform( -0.941571, -0.0193221, 0.121054, 0.0639575, 0.969932, 0.0845361, -0.330687, 0.242608, -0.328329, 5.62357, -0.908, 6.21004 )
_sections_unfolded = [ "Transform" ]

[node name="cabel-part40" type="Spatial" parent="." index="7" instance=ExtResource( 1 )]

transform = Transform( -0.888817, -0.0785536, 0.194136, 0.0238519, 0.975933, 0.0932072, -0.457641, 0.20343, -0.372188, 5.01863, -1.36647, 7.84265 )
_sections_unfolded = [ "Transform" ]

[node name="cabel-part55" type="Spatial" parent="." index="8" instance=ExtResource( 1 )]

transform = Transform( -0.909155, -0.0228836, 0.212072, 0.0242904, 0.993876, 0.0549791, -0.415748, 0.10811, -0.460546, 4.06654, -1.86334, 9.66763 )
_sections_unfolded = [ "Transform" ]

[node name="cabel-part41" type="Spatial" parent="." index="9" instance=ExtResource( 1 )]

transform = Transform( -0.772199, 0.0112702, 0.590811, 0.0299652, 0.999376, 0.0173854, -0.634674, 0.0334718, -0.718011, 3.01297, -2.1809, 11.9544 )
_sections_unfolded = [ "Transform" ]

[node name="cabel-part42" type="Spatial" parent="." index="10" instance=ExtResource( 1 )]

transform = Transform( -0.420153, 0.130833, 0.673479, 0.121347, 0.988765, -0.0654634, -0.899302, 0.0722932, -0.323482, 0.0506897, -2.31089, 15.5283 )
_sections_unfolded = [ "Transform" ]

[node name="cabel-part43" type="Spatial" parent="." index="11" instance=ExtResource( 1 )]

transform = Transform( -0.537655, 0.0302977, 0.834194, 0.116915, 0.992379, 0.0385288, -0.83502, 0.119439, -0.531729, -4.66707, -2.0722, 17.8041 )
_sections_unfolded = [ "Transform" ]

[node name="cabel-part56" type="Spatial" parent="." index="12" instance=ExtResource( 1 )]

transform = Transform( -0.437645, 0.0495028, 0.269335, 0.117003, 0.993129, 0.000682757, -0.891503, 0.10604, -0.132129, -3.3111, -2.02713, 17.1412 )
_sections_unfolded = [ "Transform" ]

[node name="cabel-part44" type="Spatial" parent="." index="13" instance=ExtResource( 1 )]

transform = Transform( -0.436217, 0.0319325, 0.899275, 0.0794173, 0.996836, 0.00312672, -0.89633, 0.0727819, -0.437373, -8.83589, -2.3033, 20.4573 )
_sections_unfolded = [ "Transform" ]

[node name="cabel-part45" type="Spatial" parent="." index="14" instance=ExtResource( 1 )]

transform = Transform( -0.172314, 0.0081099, 0.985009, 0.0807559, 0.996716, 0.00592087, -0.981726, 0.0805655, -0.172403, -13.325, -2.36018, 22.6332 )
_sections_unfolded = [ "Transform" ]

[node name="cabel-part46" type="Spatial" parent="." index="15" instance=ExtResource( 1 )]

transform = Transform( -0.841146, 0.0198654, 0.540442, -0.00554575, 0.998955, -0.0453507, -0.540779, -0.0411437, -0.840158, -18.2118, -2.43151, 23.4961 )
_sections_unfolded = [ "Transform" ]

[node name="cabel-part47" type="Spatial" parent="." index="16" instance=ExtResource( 1 )]

transform = Transform( 0.154113, 0.00291936, 0.988049, -0.0100231, 0.999949, -0.00139113, -0.988002, -0.00968895, 0.154135, -20.9045, -2.2488, 27.6684 )
_sections_unfolded = [ "Transform" ]

[node name="cabel-part48" type="Spatial" parent="." index="17" instance=ExtResource( 1 )]

transform = Transform( 0.996601, 0.0231278, -0.0790783, -0.0201165, 0.99905, 0.038666, 0.0798974, -0.0369437, 0.996118, -25.8131, -2.28544, 26.8992 )
_sections_unfolded = [ "Transform" ]

[node name="cabel-part49" type="Spatial" parent="." index="18" instance=ExtResource( 1 )]

transform = Transform( 0.454759, -0.0134003, -0.890514, 0.0202307, 0.999784, -0.00471338, 0.890384, -0.0158723, 0.454932, -25.4083, -2.51764, 21.941 )
_sections_unfolded = [ "Transform" ]

[node name="cabel-part50" type="Spatial" parent="." index="19" instance=ExtResource( 1 )]

transform = Transform( -0.807146, -0.0356386, -0.553919, -0.0215676, 0.99929, -0.0290403, 0.589958, -0.0122266, -0.758901, -20.9783, -2.53449, 19.6917 )
_sections_unfolded = [ "Transform", "Visibility" ]


