[gd_scene load_steps=2 format=2]

[ext_resource path="res://scenes/cabels/part-types/p274.tscn" type="PackedScene" id=1]

[node name="power-423-p274m" type="Spatial"]

transform = Transform( 1, 0, 0, 0, 1, 0, 0, 0, 1, 1.62943, 0.54829, -13.675 )

[node name="cabel-part39" type="Spatial" parent="." index="0" instance=ExtResource( 1 )]

transform = Transform( -1, 0, -0.000155123, -1.26851e-05, 0.996651, 0.0817742, 0.000154604, 0.0817742, -0.996651, 4.23242, -0.933866, -14.7562 )
_sections_unfolded = [ "Transform" ]

[node name="cabel-part40" type="Spatial" parent="." index="1" instance=ExtResource( 1 )]

transform = Transform( -1, 0, -0.000155123, -1.87905e-05, 0.992636, 0.121133, 0.000153981, 0.121133, -0.992636, 4.23242, -1.39728, -9.80782 )
_sections_unfolded = [ "Transform" ]

[node name="cabel-part41" type="Spatial" parent="." index="2" instance=ExtResource( 1 )]

transform = Transform( -1, 0, -0.000155123, 6.21162e-06, 0.999198, -0.0400432, 0.000154999, -0.0400432, -0.999198, 4.23242, -2.03353, -4.85147 )
_sections_unfolded = [ "Transform" ]

[node name="cabel-part42" type="Spatial" parent="." index="3" instance=ExtResource( 1 )]

transform = Transform( -0.987609, -0.0425531, -0.151057, 0.00222011, 0.958653, -0.284569, 0.156921, -0.281378, -0.94668, 4.23242, -1.91658, -1.60507 )
_sections_unfolded = [ "Transform" ]

[node name="cabel-part43" type="Spatial" parent="." index="4" instance=ExtResource( 1 )]

transform = Transform( -0.987609, -0.0425531, -0.151057, 0.00222011, 0.958653, -0.284569, 0.156921, -0.281378, -0.94668, 4.98331, -0.529412, 3.08324 )
_sections_unfolded = [ "Transform" ]

[node name="cabel-part44" type="Spatial" parent="." index="5" instance=ExtResource( 1 )]

transform = Transform( -0.987609, -0.0425531, -0.151057, -0.0140167, 0.982608, -0.185162, 0.15631, -0.18075, -0.971029, 5.7507, 0.847631, 7.80437 )
_sections_unfolded = [ "Transform" ]

[node name="cabel-part45" type="Spatial" parent="." index="6" instance=ExtResource( 1 )]

transform = Transform( -0.947204, -0.0574531, -0.315441, -0.0431005, 0.997701, -0.0522951, 0.31772, -0.0359385, -0.947503, 6.47525, 1.67383, 12.453 )
_sections_unfolded = [ "Transform" ]

[node name="cabel-part46" type="Spatial" parent="." index="7" instance=ExtResource( 1 )]

transform = Transform( -0.801099, -0.0686035, -0.594587, -0.045363, 0.997511, -0.0539744, 0.59681, -0.0162667, -0.802218, 8.03738, 1.94546, 17.1679 )
_sections_unfolded = [ "Transform" ]

[node name="cabel-part47" type="Spatial" parent="." index="8" instance=ExtResource( 1 )]

transform = Transform( -0.596293, -0.134024, -0.7915, -0.109349, 0.990336, -0.0853128, 0.795284, 0.0356782, -0.605186, 10.9648, 2.0678, 21.0593 )
_sections_unfolded = [ "Transform" ]

[node name="cabel-part48" type="Spatial" parent="." index="9" instance=ExtResource( 1 )]

transform = Transform( -0.596293, -0.134024, -0.7915, -0.281871, 0.958143, 0.0501117, 0.751653, 0.252982, -0.609112, 14.7907, 2.55546, 24.166 )
_sections_unfolded = [ "Transform" ]

[node name="cabel-part49" type="Spatial" parent="." index="10" instance=ExtResource( 1 )]

transform = Transform( -0.275914, -0.118103, -0.953899, -0.333587, 0.942503, -0.0202025, 0.901438, 0.312634, -0.299447, 18.6571, 2.37256, 27.2363 )
_sections_unfolded = [ "Transform" ]

[node name="cabel-part50" type="Spatial" parent="." index="11" instance=ExtResource( 1 )]

transform = Transform( 0.427511, 0.132143, -0.8943, -0.419029, 0.905534, -0.0665096, 0.80103, 0.403171, 0.442498, 23.3215, 2.44852, 28.6962 )
_sections_unfolded = [ "Transform" ]


