[gd_scene load_steps=13 format=2]

[ext_resource path="res://scripts/Game.gd" type="Script" id=1]
[ext_resource path="res://scenes/game/Player.tscn" type="PackedScene" id=2]
[ext_resource path="res://scenes/cars/CentralCommunication.tscn" type="PackedScene" id=3]
[ext_resource path="res://scenes/cars/PowerSupplier.tscn" type="PackedScene" id=4]
[ext_resource path="res://scenes/cars/Moss.tscn" type="PackedScene" id=5]
[ext_resource path="res://scenes/cars/R409.tscn" type="PackedScene" id=6]
[ext_resource path="res://scenes/terrain/Terrain.tscn" type="PackedScene" id=7]
[ext_resource path="res://scenes/terrain/resources/skybox/morning.hdr" type="Texture" id=8]
[ext_resource path="res://scenes/game/Interface.tscn" type="PackedScene" id=9]
[ext_resource path="res://media/sounds/in-game.wav" type="AudioStream" id=10]

[sub_resource type="PanoramaSky" id=1]

radiance_size = 4
panorama = ExtResource( 8 )

[sub_resource type="Environment" id=2]

background_mode = 2
background_sky = SubResource( 1 )
background_sky_custom_fov = 0.0
background_color = Color( 0, 0, 0, 1 )
background_energy = 1.0
background_canvas_max_layer = 0
ambient_light_color = Color( 0, 0, 0, 1 )
ambient_light_energy = 1.0
ambient_light_sky_contribution = 1.0
fog_enabled = false
fog_color = Color( 0.5, 0.6, 0.7, 1 )
fog_sun_color = Color( 1, 0.9, 0.7, 1 )
fog_sun_amount = 0.0
fog_depth_enabled = true
fog_depth_begin = 10.0
fog_depth_curve = 1.0
fog_transmit_enabled = false
fog_transmit_curve = 1.0
fog_height_enabled = false
fog_height_min = 0.0
fog_height_max = 100.0
fog_height_curve = 1.0
tonemap_mode = 0
tonemap_exposure = 1.0
tonemap_white = 1.0
auto_exposure_enabled = false
auto_exposure_scale = 0.4
auto_exposure_min_luma = 0.05
auto_exposure_max_luma = 8.0
auto_exposure_speed = 0.5
ss_reflections_enabled = false
ss_reflections_max_steps = 64
ss_reflections_fade_in = 0.15
ss_reflections_fade_out = 2.0
ss_reflections_depth_tolerance = 0.2
ss_reflections_roughness = true
ssao_enabled = false
ssao_radius = 1.0
ssao_intensity = 1.0
ssao_radius2 = 0.0
ssao_intensity2 = 1.0
ssao_bias = 0.01
ssao_light_affect = 0.0
ssao_color = Color( 0, 0, 0, 1 )
ssao_quality = 0
ssao_blur = 3
ssao_edge_sharpness = 4.0
dof_blur_far_enabled = false
dof_blur_far_distance = 10.0
dof_blur_far_transition = 5.0
dof_blur_far_amount = 0.1
dof_blur_far_quality = 1
dof_blur_near_enabled = false
dof_blur_near_distance = 2.0
dof_blur_near_transition = 1.0
dof_blur_near_amount = 0.1
dof_blur_near_quality = 1
glow_enabled = false
glow_levels/1 = false
glow_levels/2 = false
glow_levels/3 = true
glow_levels/4 = false
glow_levels/5 = true
glow_levels/6 = false
glow_levels/7 = false
glow_intensity = 0.8
glow_strength = 1.0
glow_bloom = 0.0
glow_blend_mode = 2
glow_hdr_threshold = 1.0
glow_hdr_scale = 2.0
glow_bicubic_upscale = false
adjustment_enabled = false
adjustment_brightness = 1.0
adjustment_contrast = 1.0
adjustment_saturation = 1.0
_sections_unfolded = [ "Background" ]

[node name="Scene" type="Spatial" index="0"]

script = ExtResource( 1 )
_sections_unfolded = [ "Transform" ]
min_stage = 0
max_stage = 9

[node name="DirectionalLight" type="DirectionalLight" parent="." index="0"]

transform = Transform( 1, 0, 0, 0, 0.819152, 0.573577, 0, -0.573577, 0.819152, 259.586, 49.4419, 248.098 )
layers = 1
light_color = Color( 1, 1, 1, 1 )
light_energy = 1.0
light_indirect_energy = 1.0
light_negative = false
light_specular = 0.5
light_bake_mode = 1
light_cull_mask = -1
shadow_enabled = true
shadow_color = Color( 0, 0, 0, 1 )
shadow_bias = 0.1
shadow_contact = 0.0
shadow_reverse_cull_face = false
editor_only = false
directional_shadow_mode = 2
directional_shadow_split_1 = 0.1
directional_shadow_split_2 = 0.2
directional_shadow_split_3 = 0.5
directional_shadow_blend_splits = false
directional_shadow_normal_bias = 0.8
directional_shadow_bias_split_scale = 0.25
directional_shadow_depth_range = 0
directional_shadow_max_distance = 200.0
_sections_unfolded = [ "Transform" ]

[node name="Player" parent="." index="1" instance=ExtResource( 2 )]

transform = Transform( 1, 0, 0, 0, 1, 0, 0, 0, 1, 247.518, 6.98453, 274.094 )
_sections_unfolded = [ "Collision", "Transform" ]

[node name="Cars" type="Node" parent="." index="2"]

[node name="CentralCommunication" parent="Cars" index="0" instance=ExtResource( 3 )]

transform = Transform( 0.999963, 0, 0.00856598, -0.000206474, 0.999709, 0.024103, -0.00856349, -0.0241039, 0.999672, 256.342, 8.15723, 267.554 )

[node name="PowerSupplier" parent="Cars" index="1" instance=ExtResource( 4 )]

transform = Transform( -0.408657, -0.0234617, 0.912386, -0.0433036, 0.999042, 0.00629436, -0.91166, -0.0369373, -0.409282, 243.408, 4.53404, 225.267 )
_sections_unfolded = [ "Collision", "Motion", "Transform" ]

[node name="Moss" parent="Cars" index="2" instance=ExtResource( 5 )]

transform = Transform( 0.198953, -0.0179978, 0.979844, -0.00395561, 0.999808, 0.0191677, -0.980002, -0.00768933, 0.198843, 237.537, 5.06147, 313.429 )

[node name="R409" parent="Cars" index="3" instance=ExtResource( 6 )]

transform = Transform( 0.284887, 0, 0.958561, -0.0080628, 0.999965, 0.00239629, -0.958527, -0.00841136, 0.284877, 268.706, 7.82381, 163.9 )

[node name="Terrain" parent="." index="3" instance=ExtResource( 7 )]

[node name="WorldEnvironment" type="WorldEnvironment" parent="." index="4"]

environment = SubResource( 2 )

[node name="Interface" parent="." index="5" instance=ExtResource( 9 )]

[node name="AudioStreamPlayer3D" type="AudioStreamPlayer3D" parent="." index="6"]

transform = Transform( 1, 0, 0, 0, 1, 0, 0, 0, 1, 208.438, 10.1663, 179.708 )
stream = ExtResource( 10 )
attenuation_model = 0
unit_db = 0.0
unit_size = 1.0
max_db = 3.0
pitch_scale = 1.0
autoplay = true
max_distance = 0.0
out_of_range_mode = 0
bus = "Master"
area_mask = 1
emission_angle_enabled = false
emission_angle_degrees = 45.0
emission_angle_filter_attenuation_db = -12.0
attenuation_filter_cutoff_hz = 5000.0
attenuation_filter_db = -24.0
doppler_tracking = 0

[connection signal="eyes_action" from="Player" to="." method="_on_Player_eyes_action"]

[connection signal="eyes_enter" from="Player" to="." method="_on_Player_eyes_enter"]

[connection signal="eyes_leave" from="Player" to="." method="_on_Player_eyes_leave"]


