[gd_scene load_steps=3 format=2]

[ext_resource path="res://media/textures/grass/wheat.png" type="Texture" id=1]
[ext_resource path="res://scenes/grass/selection-helper(sprite selection bug).tscn" type="PackedScene" id=2]

[node name="grass-4" type="Spatial" index="0"]

transform = Transform( 2, 0, 0, 0, 2, 0, 0, 0, 2, 0, 0, 0 )
_sections_unfolded = [ "Transform" ]

[node name="Sprite3D" type="Sprite3D" parent="." index="0"]

transform = Transform( 0.556932, 0.138326, -0.818959, -0.0749124, 0.990381, 0.116336, 0.827173, -0.00344118, 0.561937, 0.116845, 0.619822, -0.0392904 )
layers = 1
material_override = null
cast_shadow = 1
extra_cull_margin = 0.0
use_in_baked_light = false
lod_min_distance = 0.0
lod_min_hysteresis = 0.0
lod_max_distance = 0.0
lod_max_hysteresis = 0.0
centered = true
offset = Vector2( 0, 0 )
flip_h = false
flip_v = false
modulate = Color( 0.511719, 0.427765, 0.427765, 1 )
opacity = 1.0
pixel_size = 0.0015
axis = 2
transparent = true
shaded = false
double_sided = true
alpha_cut = 0
texture = ExtResource( 1 )
vframes = 1
hframes = 1
frame = 0
region_enabled = false
region_rect = Rect2( 5, 5, 5, 5 )
_sections_unfolded = [ "Animation", "Region" ]

[node name="Sprite3D2" type="Sprite3D" parent="." index="1"]

transform = Transform( 0.451097, -0.0956972, 0.887329, -0.00274574, 0.994081, 0.108606, -0.89247, -0.0514283, 0.448164, -0.107492, 0.609013, -0.0522045 )
layers = 1
material_override = null
cast_shadow = 1
extra_cull_margin = 0.0
use_in_baked_light = false
lod_min_distance = 0.0
lod_min_hysteresis = 0.0
lod_max_distance = 0.0
lod_max_hysteresis = 0.0
centered = true
offset = Vector2( 0, 0 )
flip_h = true
flip_v = false
modulate = Color( 0.511719, 0.427765, 0.427765, 1 )
opacity = 1.0
pixel_size = 0.0015
axis = 2
transparent = true
shaded = false
double_sided = true
alpha_cut = 0
texture = ExtResource( 1 )
vframes = 1
hframes = 1
frame = 0
region_enabled = false
region_rect = Rect2( 5, 5, 5, 5 )
_sections_unfolded = [ "Animation", "Region" ]

[node name="Sprite3D5" type="Sprite3D" parent="." index="2"]

transform = Transform( -0.995053, 0, -0.0993511, -0.0112342, 0.993586, 0.112516, 0.0987139, 0.113075, -0.988671, 0.0112484, 0.618421, 0.124401 )
layers = 1
material_override = null
cast_shadow = 1
extra_cull_margin = 0.0
use_in_baked_light = false
lod_min_distance = 0.0
lod_min_hysteresis = 0.0
lod_max_distance = 0.0
lod_max_hysteresis = 0.0
centered = true
offset = Vector2( 0, 0 )
flip_h = false
flip_v = false
modulate = Color( 0.511719, 0.427765, 0.427765, 1 )
opacity = 1.0
pixel_size = 0.0015
axis = 2
transparent = true
shaded = false
double_sided = true
alpha_cut = 0
texture = ExtResource( 1 )
vframes = 1
hframes = 1
frame = 0
region_enabled = false
region_rect = Rect2( 5, 5, 5, 5 )
_sections_unfolded = [ "Animation", "Region" ]

[node name="selection-helper(sprite selection bug)" parent="." index="3" instance=ExtResource( 2 )]


