[gd_scene load_steps=2 format=2]

[ext_resource path="res://media/textures/grass/wheat.png" type="Texture" id=1]

[node name="Spatial" type="Spatial" index="0"]

transform = Transform( 2, 0, 0, 0, 2, 0, 0, 0, 2, 0, 0, 0 )
_sections_unfolded = [ "Transform" ]

[node name="Sprite3D" type="Sprite3D" parent="." index="0"]

transform = Transform( 0.645374, 0.110724, -0.7558, -0.0719006, 0.993851, 0.084203, 0.760476, 0, 0.649367, 0.0586286, 0.619822, -0.0749921 )
layers = 1
material_override = null
cast_shadow = 1
extra_cull_margin = 0.0
use_in_baked_light = false
lod_min_distance = 0.0
lod_min_hysteresis = 0.0
lod_max_distance = 0.0
lod_max_hysteresis = 0.0
centered = true
offset = Vector2( 0, 0 )
flip_h = false
flip_v = false
modulate = Color( 0.511719, 0.427765, 0.427765, 1 )
opacity = 1.0
pixel_size = 0.0015
axis = 2
transparent = true
shaded = false
double_sided = true
alpha_cut = 0
texture = ExtResource( 1 )
vframes = 1
hframes = 1
frame = 0
region_enabled = false
region_rect = Rect2( 5, 5, 5, 5 )
_sections_unfolded = [ "Animation", "Region" ]

[node name="Sprite3D2" type="Sprite3D" parent="." index="1"]

transform = Transform( 0.682866, 0, 0.730543, 0, 1, 0, -0.730543, 0, 0.682866, -0.0764057, 0.609013, -0.0589784 )
layers = 1
material_override = null
cast_shadow = 1
extra_cull_margin = 0.0
use_in_baked_light = false
lod_min_distance = 0.0
lod_min_hysteresis = 0.0
lod_max_distance = 0.0
lod_max_hysteresis = 0.0
centered = true
offset = Vector2( 0, 0 )
flip_h = true
flip_v = false
modulate = Color( 0.511719, 0.427765, 0.427765, 1 )
opacity = 1.0
pixel_size = 0.0015
axis = 2
transparent = true
shaded = false
double_sided = true
alpha_cut = 0
texture = ExtResource( 1 )
vframes = 1
hframes = 1
frame = 0
region_enabled = false
region_rect = Rect2( 5, 5, 5, 5 )
_sections_unfolded = [ "Animation", "Region" ]

[node name="Sprite3D5" type="Sprite3D" parent="." index="2"]

transform = Transform( -0.995053, 0, -0.0993511, -0.00937982, 0.995533, 0.0939437, 0.0989073, 0.0944108, -0.990608, -0.021762, 0.660798, 0.0836741 )
layers = 1
material_override = null
cast_shadow = 1
extra_cull_margin = 0.0
use_in_baked_light = false
lod_min_distance = 0.0
lod_min_hysteresis = 0.0
lod_max_distance = 0.0
lod_max_hysteresis = 0.0
centered = true
offset = Vector2( 0, 0 )
flip_h = false
flip_v = false
modulate = Color( 0.511719, 0.427765, 0.427765, 1 )
opacity = 1.0
pixel_size = 0.0015
axis = 2
transparent = true
shaded = false
double_sided = true
alpha_cut = 0
texture = ExtResource( 1 )
vframes = 1
hframes = 1
frame = 0
region_enabled = false
region_rect = Rect2( 5, 5, 5, 5 )
_sections_unfolded = [ "Animation", "Region" ]


