[gd_scene load_steps=3 format=2]

[ext_resource path="res://media/textures/grass/flower_chamomile.png" type="Texture" id=1]
[ext_resource path="res://scenes/grass/selection-helper(sprite selection bug).tscn" type="PackedScene" id=2]

[node name="grass-2" type="Spatial" index="0"]

transform = Transform( 1, 0, 0, 0, 1, 0, 0, 0, 1, 0, -0.05568, 0.0109384 )

[node name="Sprite3D" type="Sprite3D" parent="." index="0"]

transform = Transform( 0.652967, 0.170348, -0.737981, -0.0352943, 0.980164, 0.195023, 0.756564, -0.101297, 0.646027, 0.100257, 0.454856, -0.093872 )
layers = 1
material_override = null
cast_shadow = 1
extra_cull_margin = 0.0
use_in_baked_light = false
lod_min_distance = 0.0
lod_min_hysteresis = 0.0
lod_max_distance = 0.0
lod_max_hysteresis = 0.0
centered = true
offset = Vector2( 0, 0 )
flip_h = false
flip_v = false
modulate = Color( 0.511719, 0.427765, 0.427765, 1 )
opacity = 1.0
pixel_size = 0.0008
axis = 2
transparent = true
shaded = false
double_sided = true
alpha_cut = 0
texture = ExtResource( 1 )
vframes = 1
hframes = 1
frame = 0
region_enabled = false
region_rect = Rect2( 5, 5, 5, 5 )
_sections_unfolded = [ "Animation", "Region" ]

[node name="Sprite3D2" type="Sprite3D" parent="." index="1"]

transform = Transform( 0.628817, -0.0642999, 0.77489, -0.0299574, 0.993832, 0.106778, -0.776976, -0.0903573, 0.623012, -0.082619, 0.454856, -0.0976222 )
layers = 1
material_override = null
cast_shadow = 1
extra_cull_margin = 0.0
use_in_baked_light = false
lod_min_distance = 0.0
lod_min_hysteresis = 0.0
lod_max_distance = 0.0
lod_max_hysteresis = 0.0
centered = true
offset = Vector2( 0, 0 )
flip_h = true
flip_v = false
modulate = Color( 0.511719, 0.427765, 0.427765, 1 )
opacity = 1.0
pixel_size = 0.0008
axis = 2
transparent = true
shaded = false
double_sided = true
alpha_cut = 0
texture = ExtResource( 1 )
vframes = 1
hframes = 1
frame = 0
region_enabled = false
region_rect = Rect2( 5, 5, 5, 5 )
_sections_unfolded = [ "Animation", "Region" ]

[node name="Sprite3D5" type="Sprite3D" parent="." index="2"]

transform = Transform( -0.995053, 0, -0.0993511, -0.0173355, 0.984659, 0.173624, 0.097827, 0.174487, -0.979788, 0.0180506, 0.454856, 0.107306 )
layers = 1
material_override = null
cast_shadow = 1
extra_cull_margin = 0.0
use_in_baked_light = false
lod_min_distance = 0.0
lod_min_hysteresis = 0.0
lod_max_distance = 0.0
lod_max_hysteresis = 0.0
centered = true
offset = Vector2( 0, 0 )
flip_h = false
flip_v = false
modulate = Color( 0.511719, 0.427765, 0.427765, 1 )
opacity = 1.0
pixel_size = 0.0008
axis = 2
transparent = true
shaded = false
double_sided = true
alpha_cut = 0
texture = ExtResource( 1 )
vframes = 1
hframes = 1
frame = 0
region_enabled = false
region_rect = Rect2( 5, 5, 5, 5 )
_sections_unfolded = [ "Animation", "Region" ]

[node name="selection-helper(sprite selection bug)" parent="." index="3" instance=ExtResource( 2 )]

transform = Transform( 1, 0, 0, 0, 1, 0, 0, 0, 1, 0, 0.0997606, 0 )


