[gd_scene load_steps=3 format=2]

[ext_resource path="res://media/textures/grass/grass.png" type="Texture" id=1]
[ext_resource path="res://scenes/grass/selection-helper(sprite selection bug).tscn" type="PackedScene" id=2]

[node name="grass-1" type="Spatial" index="0"]

transform = Transform( 0.369063, 0, 0.929404, 0, 1, 0, -0.929404, 0, 0.369063, 0, 0, 0 )
_sections_unfolded = [ "Transform" ]

[node name="Sprite3D2" type="Sprite3D" parent="." index="0"]

transform = Transform( 0.354049, -0.138266, 0.92495, -0.0302912, 0.986797, 0.159106, -0.934736, -0.084349, 0.345186, -0.205735, 0.48158, -0.0843795 )
layers = 1
material_override = null
cast_shadow = 1
extra_cull_margin = 0.0
use_in_baked_light = false
lod_min_distance = 0.0
lod_min_hysteresis = 0.0
lod_max_distance = 0.0
lod_max_hysteresis = 0.0
centered = true
offset = Vector2( 0, 0 )
flip_h = true
flip_v = false
modulate = Color( 0.511719, 0.427765, 0.427765, 1 )
opacity = 1.0
pixel_size = 0.002
axis = 2
transparent = true
shaded = false
double_sided = true
alpha_cut = 0
texture = ExtResource( 1 )
vframes = 1
hframes = 1
frame = 0
region_enabled = false
region_rect = Rect2( 5, 5, 5, 5 )
_sections_unfolded = [ "Animation", "Region" ]

[node name="Sprite3D5" type="Sprite3D" parent="." index="1"]

transform = Transform( -0.993633, 0.0615407, -0.0943831, 0.0458391, 0.985999, 0.160324, 0.102928, 0.154977, -0.982542, 0.0274376, 0.484299, 0.206959 )
layers = 1
material_override = null
cast_shadow = 1
extra_cull_margin = 0.0
use_in_baked_light = false
lod_min_distance = 0.0
lod_min_hysteresis = 0.0
lod_max_distance = 0.0
lod_max_hysteresis = 0.0
centered = true
offset = Vector2( 0, 0 )
flip_h = false
flip_v = false
modulate = Color( 0.511719, 0.427765, 0.427765, 1 )
opacity = 1.0
pixel_size = 0.002
axis = 2
transparent = true
shaded = false
double_sided = true
alpha_cut = 0
texture = ExtResource( 1 )
vframes = 1
hframes = 1
frame = 0
region_enabled = false
region_rect = Rect2( 5, 5, 5, 5 )
_sections_unfolded = [ "Animation", "Region" ]

[node name="Sprite3D" type="Sprite3D" parent="." index="2"]

transform = Transform( 0.646606, 0.125787, -0.752383, -0.0436966, 0.990799, 0.128094, 0.761572, -0.0499497, 0.646153, 0.139271, 0.47544, -0.0874237 )
layers = 1
material_override = null
cast_shadow = 1
extra_cull_margin = 0.0
use_in_baked_light = false
lod_min_distance = 0.0
lod_min_hysteresis = 0.0
lod_max_distance = 0.0
lod_max_hysteresis = 0.0
centered = true
offset = Vector2( 0, 0 )
flip_h = false
flip_v = false
modulate = Color( 0.511719, 0.427765, 0.427765, 1 )
opacity = 1.0
pixel_size = 0.002
axis = 2
transparent = true
shaded = false
double_sided = true
alpha_cut = 0
texture = ExtResource( 1 )
vframes = 1
hframes = 1
frame = 0
region_enabled = false
region_rect = Rect2( 5, 5, 5, 5 )
_sections_unfolded = [ "Animation", "Region" ]

[node name="selection-helper(sprite selection bug)" parent="." index="3" instance=ExtResource( 2 )]

transform = Transform( 1, 0, 0, 0, 1, 0, 0, 0, 1, 0, 0.045573, 0 )


