[gd_scene load_steps=3 format=2]

[ext_resource path="res://media/textures/grass/grass_thick.png" type="Texture" id=1]
[ext_resource path="res://scenes/grass/selection-helper(sprite selection bug).tscn" type="PackedScene" id=2]

[node name="grass-3" type="Spatial" index="0"]

transform = Transform( 1, 0, 0, 0, 1, 0, 0, 0, 1, 0, 0.0434385, 0 )

[node name="Sprite3D" type="Sprite3D" parent="." index="0"]

transform = Transform( 0.651909, 0.0438212, -0.75703, 0.043402, 0.994536, 0.0949447, 0.757055, -0.0947518, 0.646445, 0.0586286, 0.449468, -0.0749921 )
layers = 1
material_override = null
cast_shadow = 1
extra_cull_margin = 0.0
use_in_baked_light = false
lod_min_distance = 0.0
lod_min_hysteresis = 0.0
lod_max_distance = 0.0
lod_max_hysteresis = 0.0
centered = true
offset = Vector2( 0, 0 )
flip_h = false
flip_v = false
modulate = Color( 0.511719, 0.427765, 0.427765, 1 )
opacity = 1.0
pixel_size = 0.0008
axis = 2
transparent = true
shaded = false
double_sided = true
alpha_cut = 0
texture = ExtResource( 1 )
vframes = 1
hframes = 1
frame = 0
region_enabled = false
region_rect = Rect2( 5, 5, 5, 5 )
_sections_unfolded = [ "Animation", "Region" ]

[node name="Sprite3D2" type="Sprite3D" parent="." index="1"]

transform = Transform( 0.365469, -0.139225, 0.920352, 0.0513828, 0.990261, 0.129396, -0.929404, 0, 0.369063, -0.121722, 0.454856, -0.0614119 )
layers = 1
material_override = null
cast_shadow = 1
extra_cull_margin = 0.0
use_in_baked_light = false
lod_min_distance = 0.0
lod_min_hysteresis = 0.0
lod_max_distance = 0.0
lod_max_hysteresis = 0.0
centered = true
offset = Vector2( 0, 0 )
flip_h = true
flip_v = false
modulate = Color( 0.511719, 0.427765, 0.427765, 1 )
opacity = 1.0
pixel_size = 0.0008
axis = 2
transparent = true
shaded = false
double_sided = true
alpha_cut = 0
texture = ExtResource( 1 )
vframes = 1
hframes = 1
frame = 0
region_enabled = false
region_rect = Rect2( 5, 5, 5, 5 )
_sections_unfolded = [ "Animation", "Region" ]

[node name="Sprite3D5" type="Sprite3D" parent="." index="2"]

transform = Transform( -0.980454, 0.0101857, -0.196486, -0.0231666, 0.985735, 0.1667, 0.195381, 0.167993, -0.966233, 0.0273131, 0.454856, 0.13047 )
layers = 1
material_override = null
cast_shadow = 1
extra_cull_margin = 0.0
use_in_baked_light = false
lod_min_distance = 0.0
lod_min_hysteresis = 0.0
lod_max_distance = 0.0
lod_max_hysteresis = 0.0
centered = true
offset = Vector2( 0, 0 )
flip_h = false
flip_v = false
modulate = Color( 0.511719, 0.427765, 0.427765, 1 )
opacity = 1.0
pixel_size = 0.0008
axis = 2
transparent = true
shaded = false
double_sided = true
alpha_cut = 0
texture = ExtResource( 1 )
vframes = 1
hframes = 1
frame = 0
region_enabled = false
region_rect = Rect2( 5, 5, 5, 5 )
_sections_unfolded = [ "Animation", "Region" ]

[node name="selection-helper(sprite selection bug)" parent="." index="3" instance=ExtResource( 2 )]


